cam0:
  T_cam_imu:
  - [-0.9998889123837212, -0.013001186564030735, 0.0072891727944604185, 0.04121943559336974]
  - [0.013093434084022844, -0.9998329366804942, 0.012753850898741556, 0.000952324798104241]
  - [0.00712213984611255, 0.012847874407358151, 0.999892097802171, -0.011066255658412944]
  - [0.0, 0.0, 0.0, 1.0]
  cam_overlaps: [1]
  camera_model: pinhole
  distortion_coeffs: [-0.15599801803939678, -0.017554344140610748, -0.0001845668422413922,
    0.010980449870058933]
  distortion_model: equidistant
  intrinsics: [443.8166907654431, 443.62745498414745, 314.08788410937433, 207.2064902417882]
  resolution: [640, 400]
  rostopic: /mynteye/left/image_raw
  timeshift_cam_imu: 0.006303960764402905
cam1:
  T_cam_imu:
  - [-0.9998891573311923, -0.01396329219027088, -0.005167158090065677, -0.03896038412470789]
  - [0.01383761927108502, -0.9996255577466509, 0.023606452351134156, 0.0010407560677776423]
  - [-0.0054948470795016125, 0.023532334582590637, 0.9997079753031214, -0.010678092310720727]
  - [0.0, 0.0, 0.0, 1.0]
  T_cn_cnm1:
  - [0.999921957086801, 0.0008030754996303073, -0.012467349575849468, -0.08031533449974565]
  - [-0.0006676922022561223, 0.9999408121120518, 0.010859395002314146, 0.000236182372885235]
  - [0.012475332573826908, -0.010850223151397977, 0.9998633100252955, -0.0001172425294745058]
  - [0.0, 0.0, 0.0, 1.0]
  cam_overlaps: [0]
  camera_model: pinhole
  distortion_coeffs: [-0.1548556985555452, -0.03257733851979576, 0.035337390222194134,
    -0.01373535458120264]
  distortion_model: equidistant
  intrinsics: [441.66243641526245, 441.2448161667637, 320.87296788745687, 205.6559439177207]
  resolution: [640, 400]
  rostopic: /mynteye/right/image_raw
  timeshift_cam_imu: 0.006323993706639257
T_imu_body:
  [1.0000, 0.0000, 0.0000, 0.0000,
  0.0000, 1.0000, 0.0000, 0.0000,
  0.0000, 0.0000, 1.0000, 0.0000,
  0.0000, 0.0000, 0.0000, 1.0000]
