cam0:
  T_cam_imu:
  - [0.9999983415772692, -0.0006576957631220368, -0.0016983165179147014, 0.005870187322940925]
  - [0.0006625606724354236, 0.9999956747341437, 0.0028655760957390533, 0.0031445808153372154]
  - [0.0016964244949871814, -0.002866696581136636, 0.9999944520819328, -0.01080126273763223]
  - [0.0, 0.0, 0.0, 1.0]
  cam_overlaps: [1]
  camera_model: pinhole
  distortion_coeffs: [-0.008231195280948737, 0.028190206439400248, -0.013287937305388922, -0.00973786387109426]
  distortion_model: equidistant
  intrinsics: [284.02394911093717, 284.1503984378227, 321.96907614447537, 203.8993337038258]
  resolution: [640, 400]
  rostopic: /infra_left
  timeshift_cam_imu: -0.00015610452839913319
cam1:
  T_cam_imu:
  - [0.999928727633989, -0.011819216189064605, 0.0016869442635086514, -0.07428643816571481]
  - [0.011797468175841503, 0.9998539282049125, 0.012366972056489862, 0.0019609994508701344]
  - [-0.0018328657648716423, -0.01234618896186784, 0.9999221030766376, -0.01099285068083932]
  - [0.0, 0.0, 0.0, 1.0]
  T_cn_cnm1:
  - [0.9999319778125599, -0.011151817550487329, 0.0034171205979206597, -0.08008424917676364]
  - [0.011118845885410676, 0.9998928586088035, 0.00952063912191341, -0.0011456792332801035]
  - [-0.0035229269133175262, -0.009481997069914379, 0.9999488390500424, -0.0001416433990861366]
  - [0.0, 0.0, 0.0, 1.0]
  cam_overlaps: [0]
  camera_model: pinhole
  distortion_coeffs: [-0.011615343788873765, 0.05788187749919964, -0.07427637463931358, 0.03366748324823388]
  distortion_model: equidistant
  intrinsics: [284.9341399556366, 284.91884066296086, 322.9116093799638, 203.20722035361575]
  resolution: [640, 400]
  rostopic: /infra_right
  timeshift_cam_imu: -0.00013308492125210675
T_imu_body:
  [1.0000, 0.0000, 0.0000, 0.0000,
  0.0000, 1.0000, 0.0000, 0.0000,
  0.0000, 0.0000, 1.0000, 0.0000,
  0.0000, 0.0000, 0.0000, 1.0000]
